区名,当日有権者数(人),当日有権者数(人),当日有権者数(人),投票者数(人),投票者数(人),投票者数(人),投票率(%),投票率(%),投票率(%)
区名,男,女,計,男,女,計,男,女,計
北区,38313,42359,80672,14560,17508,32068,38.00,41.33,39.75
都島区,37950,41826,79776,16442,19622,36064,43.33,46.91,45.21
福島区,23483,26295,49778,9816,11484,21300,41.80,43.67,42.79
此花区,無投票,無投票,無投票,無投票,無投票,無投票,無投票,無投票,無投票
中央区,26652,30257,56909,8780,10718,19498,32.94,35.42,34.26
西区,27766,31804,59570,8985,10491,19476,32.36,32.99,32.69
港区,33881,35027,68908,15883,18479,34362,46.88,52.76,49.87
大正区,29398,30223,59621,15960,18528,34488,54.29,61.30,57.85
天王寺区,21593,26188,47781,9142,11337,20479,42.34,43.29,42.86
浪速区,21868,20207,42075,6439,6961,13400,29.44,34.45,31.85
西淀川区,38194,38789,76983,17747,20480,38227,46.47,52.80,49.66
淀川区,66164,68769,134933,26181,30824,57005,39.57,44.82,42.25
東淀川区,67660,69581,137241,27529,32389,59918,40.69,46.55,43.66
東成区,28577,31632,60209,12446,14868,27314,43.55,47.00,45.37
生野区,41502,45088,86590,19569,23879,43448,47.15,52.96,50.18
旭区,36530,40719,77249,17240,20776,38016,47.19,51.02,49.21
城東区,61858,68480,130338,27456,32624,60080,44.39,47.64,46.10
鶴見区,39420,42832,82252,17631,21123,38754,44.73,49.32,47.12
阿倍野区,37882,46018,83900,18552,23295,41847,48.97,50.62,49.88
住之江区,49966,54382,104348,23437,28599,52036,46.91,52.59,49.87
住吉区,58054,66677,124731,25949,32508,58457,44.70,48.75,46.87
東住吉区,50968,57110,108078,23969,29303,53272,47.03,51.31,49.29
平野区,74396,82323,156719,36692,45739,82431,49.32,55.56,52.60
西成区,57671,40548,98219,26076,23509,49585,45.22,57.98,50.48
大阪市計,969746,1037134,2006880,426481,505044,931525,43.98,48.70,46.42
